NAME: /home/jevata/NetBeansProjects/CCVRP/kelly17.ccvrp
TYPE: CVRP
COMMENT: ; big-m modified Wed Nov  7 11:13:48 2012
DIMENSION: 23
CAPACITY: 200
EDGE_WEIGHT_TYPE: EXPLICIT
EDGE_WEIGHT_FORMAT: FULL_MATRIX
EDGE_WEIGHT_SECTION
        0.00      3411.73      8099.75      4364.19     12672.17      5315.42      7393.09     12439.09     15555.37     14523.53     16862.59     12953.26     12582.58     17381.52     11944.47      8572.25     20111.58      8455.54     17067.79     15181.40     20301.52      6015.64      7365.73 
     3411.73         0.00      4706.59      4595.89      9326.07      8650.05      9664.31      9818.58     13402.11     13405.76     16148.24     13422.10     13961.58     18010.97     14392.50     11982.86     17835.87      5681.31     13656.30     12614.85     20924.64      9294.93      6644.22 
     8099.75      4706.59         0.00      8205.71      4659.82     13216.78     13280.87      6760.05     10868.36     12580.50     15682.90     14780.12     16356.20     19251.89     17933.64     16646.92     14834.26      4677.07      9004.46      9381.49     22023.43     13989.87      7736.32 
     4364.19      4595.89      8205.71         0.00     12733.44      8572.14     11678.24     14256.34     17966.77     17905.75     20533.35     17152.24     16945.12     21647.87     16081.06     10894.67     22352.59      6053.53     16248.57     17045.49     24574.71      7352.39     10920.41 
    12672.17      9326.07      4659.82     12733.44         0.00     17625.97     16971.49      5406.74      9180.95     12610.47     15743.48     16615.72     18953.99     20693.50     21404.32     21143.83     12102.93      7923.23      4967.56      6974.47     23205.74     18620.91     10345.50 
     5315.42      8650.05     13216.78      8572.14     17625.97         0.00      4939.35     16364.73     18690.03     16309.65     17874.31     12564.67     10707.60     16274.23      8100.27      3642.89     23226.34     13692.70     22221.05     18900.26     19013.34      3531.02      9804.56 
     7393.09      9664.31     13280.87     11678.24     16971.49      4939.35         0.00     14248.37     15610.22     12335.79     13409.11      7749.96      5811.73     11335.57      4732.59      7539.39     19940.80     15334.75     21892.24     16382.94     14091.64      8463.30      7170.45 
    12439.09      9818.58      6760.05     14256.34      5406.74     16364.73     14248.37         0.00      4152.63      7240.28     10350.26     11927.68     14782.56     15652.57     18113.42     20006.86      8148.13     11384.51      9668.56      2796.73     18018.07     18325.77      7077.92 
    15555.37     13402.11     10868.36     17966.77      9180.95     18690.03     15610.22      4152.63         0.00      4959.12      7503.48     11097.24     14529.59     13847.91     18700.37     22259.65      4575.91     15520.07     12612.80      2449.33     15756.96     21134.60      8887.24 
    14523.53     13405.76     12580.50     17905.75     12610.47     16309.65     12335.79      7240.28      4959.12         0.00      3162.73      6388.98      9995.64      8901.95     14583.32     19627.92      8140.43     17127.93     16825.17      7115.82     10954.00     19288.71      7157.80 
    16862.59     16148.24     15682.90     20533.35     15743.48     17874.31     13409.11     10350.26      7503.48      3162.73         0.00      6112.69      9690.89      6837.58     14661.10     20927.33      9409.50     20176.38     19840.11      9874.69      8325.18     21094.96      9617.57 
    12953.26     13422.10     14780.12     17152.24     16615.72     12564.67      7749.96     11927.68     11097.24      6388.98      6112.69         0.00      3667.96      4594.34      8555.75     15255.32     14511.92     18555.35     21401.34     12861.95      7502.56     16003.63      7119.99 
    12582.58     13961.58     16356.20     16945.12     18953.99     10707.60      5811.73     14782.56     14529.59      9995.64      9690.89      3667.96         0.00      5675.21      5034.74     12761.63     18135.54     19506.19     23877.53     16092.65      8313.29     14238.33      8718.38 
    17381.52     18010.97     19251.89     21647.87     20693.50     16274.23     11335.57     15652.57     13847.91      8901.95      6837.58      4594.34      5675.21         0.00     10283.59     18436.34     16245.71     23132.05     25305.10     15996.05      2928.37     19798.35     11678.97 
    11944.47     14392.50     17933.64     16081.06     21404.32      8100.27      4732.59     18113.42     18700.37     14583.32     14661.10      8555.75      5034.74     10283.59         0.00      8873.86     22659.64     20055.34     26362.24     19903.99     12472.40     11348.31     11202.40 
     8572.25     11982.86     16646.92     10894.67     21143.83      3642.89      7539.39     20006.86     22259.65     19627.92     20927.33     15255.32     12761.63     18436.34      8873.86         0.00     26772.46     16576.50     25635.26     22530.90     20973.05      3725.56     13375.72 
    20111.58     17835.87     14834.26     22352.59     12102.93     23226.34     19940.80      8148.13      4575.91      8140.43      9409.50     14511.92     18135.54     16245.71     22659.64     26772.46         0.00     19346.94     14157.87      5454.94     17523.43     25709.87     13423.88 
     8455.54      5681.31      4677.07      6053.53      7923.23     13692.70     15334.75     11384.51     15520.07     17127.93     20176.38     18555.35     19506.19     23132.05     20055.34     16576.50     19346.94         0.00     10480.54     13901.55     25992.67     13247.61     11457.03 
    17067.79     13656.30      9004.46     16248.57      4967.56     22221.05     21892.24      9668.56     12612.80     16825.17     19840.11     21401.34     23877.53     25305.10     26362.24     25635.26     14157.87     10480.54         0.00     10167.55     27683.87     22829.31     15308.69 
    15181.40     12614.85      9381.49     17045.49      6974.47     18900.26     16382.94      2796.73      2449.33      7115.82      9874.69     12861.95     16092.65     15996.05     19903.99     22530.90      5454.94     13901.55     10167.55         0.00     18045.07     21013.39      9301.47 
    20301.52     20924.64     22023.43     24574.71     23205.74     19013.34     14091.64     18018.07     15756.96     10954.00      8325.18      7502.56      8313.29      2928.37     12472.40     20973.05     17523.43     25992.67     27683.87     18045.07         0.00     22544.21     14536.13 
     6015.64      9294.93     13989.87      7352.39     18620.91      3531.02      8463.30     18325.77     21134.60     19288.71     21094.96     16003.63     14238.33     19798.35     11348.31      3725.56     25709.87     13247.61     22829.31     21013.39     22544.21         0.00     12402.40 
     7365.73      6644.22      7736.32     10920.41     10345.50      9804.56      7170.45      7077.92      8887.24      7157.80      9617.57      7119.99      8718.38     11678.97     11202.40     13375.72     13423.88     11457.03     15308.69      9301.47     14536.13     12402.40         0.00 
DEMAND_SECTION
1 200
2 200
3 180
4 190
5 190
6 200
7 200
8 200
9 200
10 200
11 200
12 200
13 200
14 200
15 200
16 200
17 200
18 180
19 200
20 200
21 200
22 180
23 0
DEPOT_SECTION
1
-1
EOF
