NAME: /home/jevata/NetBeansProjects/CCVRP/kelly08.ccvrp
TYPE: CVRP
COMMENT: ; big-m modified Wed Nov  7 11:13:47 2012
DIMENSION: 11
CAPACITY: 900
EDGE_WEIGHT_TYPE: EXPLICIT
EDGE_WEIGHT_FORMAT: FULL_MATRIX
EDGE_WEIGHT_SECTION
        0.00     92334.70    120407.09    187954.90    171525.47    130437.02    263237.48    316105.83    138668.28    209617.03    103903.04 
    92334.70         0.00     80896.35    104181.13    121249.13    182878.05    226427.31    223822.67    185312.48    188680.49     40887.49 
   120407.09     80896.35         0.00     92256.71    200726.82    138675.78    149939.66    237886.20    248509.20    107860.94     40576.15 
   187954.90    104181.13     92256.71         0.00    182598.83    230820.85    165947.51    145902.39    287958.54    156965.16     84943.34 
   171525.47    121249.13    200726.82    182598.83         0.00    293128.26    337499.92    227741.20    162483.41    307145.09    160168.82 
   130437.02    182878.05    138675.78    230820.85    293128.26         0.00    210422.02    376561.51    257315.87    149252.20    161083.36 
   263237.48    226427.31    149939.66    165947.51    337499.92    210422.02         0.00    272836.34    397335.50     61351.37    186098.10 
   316105.83    223822.67    237886.20    145902.39    227741.20    376561.51    272836.34         0.00    379567.76    287743.34    222698.80 
   138668.28    185312.48    248509.20    287958.54    162483.41    257315.87    397335.50    379567.76         0.00    346769.62    218553.54 
   209617.03    188680.49    107860.94    156965.16    307145.09    149252.20     61351.37    287743.34    346769.62         0.00    147979.96 
   103903.04     40887.49     40576.15     84943.34    160168.82    161083.36    186098.10    222698.80    218553.54    147979.96         0.00 
DEMAND_SECTION
1 890
2 890
3 880
4 900
5 900
6 900
7 900
8 880
9 900
10 760
11 0
DEPOT_SECTION
1
-1
EOF
