NAME: /home/jevata/NetBeansProjects/CCVRP/kelly14.ccvrp
TYPE: CVRP
COMMENT: ; big-m modified Wed Nov  7 11:13:48 2012
DIMENSION: 31
CAPACITY: 1000
EDGE_WEIGHT_TYPE: EXPLICIT
EDGE_WEIGHT_FORMAT: FULL_MATRIX
EDGE_WEIGHT_SECTION
        0.00      6671.51     11021.43     14748.94     17620.15     14642.76     10877.85     11245.37     16518.56     19494.34     21933.29     18320.21     17035.43      9024.72      7136.40     15112.94     21190.09     23936.21     27044.23     24400.10     18827.25     25629.64      7257.16     20596.50     31512.54     23255.94     11728.57      7308.18     26302.81     32496.76     14320.68 
     6671.51         0.00      4528.22      8853.63     11051.44      8015.76      4443.24      6472.37     11722.86     13309.15     15313.43     11734.31     11163.17      5664.39      6766.92     12562.54     16973.60     18029.62     20471.71     17805.71     13806.07     19639.12      9115.27     18875.16     25082.66     19136.58     10485.74     11477.65     22380.60     25841.10      7773.72 
    11021.43      4528.22         0.00      4666.67      6599.66      4666.67      3438.77      4300.66      8336.31      8818.74     10932.23      8272.66      9449.79      8230.77      8463.16     11034.42     13704.60     13620.74     16022.88     14122.52     13013.01     17152.78     13201.33     17357.89     20564.63     18902.23     13219.22     14423.55     19120.88     21535.99      3299.83 
    14748.94      8853.63      4666.67         0.00      4666.67      6599.66      7742.44      4113.38      4248.39      4831.77      8600.01      8818.74     11966.24     12854.03     10074.31      8772.59      9403.21      9228.89     13038.44     13429.28     15924.12     18098.07     17811.02     14510.69     16986.83     21926.58     17793.99     16372.55     14726.58     18961.28      3299.83 
    17620.15     11051.44      6599.66      4666.67         0.00      4666.67      7961.66      8446.55      8132.29      3743.34      4367.30      4831.77      9100.84     13188.85     14207.17     13315.79     12294.69      8465.09      9427.15      8764.24     13084.07     13771.06     19007.88     18678.87     14095.79     18931.37     17611.03     20467.32     17067.95     14991.25      3299.83 
    14642.76      8015.76      4666.67      6599.66      4666.67         0.00      3907.40      8539.32     10843.41      8272.66      8039.08      3743.34      5378.93      8744.45     13114.00     14903.37     15828.94     13115.25     13251.52      9793.47      9324.90     12502.80     14776.41     20967.52     18249.46     15326.98     12971.90     18944.38     20977.39     18138.54      3299.83 
    10877.85      4443.24      3438.77      7742.44      7961.66      3907.40         0.00      7628.10     11690.98     11071.85     11823.20      7463.94      6864.51      5318.73     10565.73     14384.94     17034.38     16011.15     17054.75     13536.71      9976.90     15226.42     11054.13     20742.19     21958.16     15713.87     10101.57     15845.14     22421.64     22044.22      5168.92 
    11245.37      6472.37      4300.66      4113.38      8446.55      8539.32      7628.10         0.00      5386.16      8872.82     12624.21     11720.76     13659.53     11688.41      5963.52      6757.39     10518.51     12844.83     17151.70     17027.88     17303.12     20942.45     15525.39     13118.56     21008.66     23202.81     16697.82     12259.48     15912.38     23066.56      5833.61 
    16518.56     11722.86      8336.31      4248.39      8132.29     10843.41     11690.98      5386.16         0.00      6160.27     11050.78     12768.56     16198.66     16504.36     10356.59      5645.08      5372.10      8427.19     14351.41     16610.42     20168.13     21898.96     20833.30     10546.77     17243.90     26169.36     21522.41     16243.95     10799.76     20395.08      7544.88 
    19494.34     13309.15      8818.74      4831.77      3743.34      8272.66     11071.85      8872.82      6160.27         0.00      4972.41      8366.90     12828.90     16390.03     14821.32     11797.15      9102.03      4941.18      8435.41     10779.16     16792.42     16677.28     21908.31     16293.49     12156.40     22583.81     21034.63     21092.96     13515.78     14464.09      5916.29 
    21933.29     15313.43     10932.23      8600.01      4367.30      8039.08     11823.20     12624.21     11050.78      4972.41         0.00      5880.94     10671.09     16772.05     18491.78     16632.93     13860.36      7356.69      5231.75      5932.93     14215.04     12268.80     22811.17     21261.37     10225.44     19501.04     20740.95     24776.23     17726.48     10624.13      7642.29 
    18320.21     11734.31      8272.66      8818.74      4831.77      3743.34      7463.94     11720.76     12768.56      8366.90      5880.94         0.00      4816.45     11617.50     16728.46     17568.20     17125.87     12542.79     10682.99      6080.00      8566.53      9305.62     17785.69     23270.51     15856.11     14233.18     15101.82     22654.37     21851.00     14909.63      5916.29 
    17035.43     11163.17      9449.79     11966.24      9100.84      5378.93      6864.51     13659.53     16198.66     12828.90     10671.09      4816.45         0.00      8752.12     17411.09     20207.25     21064.42     17271.74     15230.24      9085.93      4017.17      8594.44     14705.83     26332.21     20415.10      9986.74     11054.62     22639.87     26075.93     18728.38      8670.24 
     9024.72      5664.39      8230.77     12854.03     13188.85      8744.45      5318.73     11688.41     16504.36     16390.03     16772.05     11617.50      8752.12         0.00     12201.17     18132.23     21873.50     21329.78     21959.58     17339.87      9863.73     17147.22      6171.28     24485.62     26991.55     14319.75      5027.87     15748.34     27303.99     26527.01     10486.03 
     7136.40      6766.92      8463.16     10074.31     14207.17     13114.00     10565.73      5963.52     10356.59     14821.32     18491.78     16728.46     17411.09     12201.17         0.00      8000.00     14423.95     18533.71     23111.78     22466.06     20427.24     25529.48     13534.59     13547.62     26924.36     25886.07     16584.38      6301.85     19336.30     29004.92     11218.09 
    15112.94     12562.54     11034.42      8772.59     13315.79     14903.37     14384.94      6757.39      5645.08     11797.15     16632.93     17568.20     20207.25     18132.23      8000.00         0.00      7103.36     13574.47     19956.74     22017.74     23968.37     26864.07     21001.30      6386.71     22525.63     29909.35     23044.77     12466.26     11476.79     25987.28     11774.78 
    21190.09     16973.60     13704.60      9403.21     12294.69     15828.94     17034.38     10518.51      5372.10      9102.03     13860.36     17125.87     21064.42     21873.50     14423.95      7103.36         0.00      8170.70     15474.13     19783.46     25077.55     25774.35     26043.35      8153.08     16773.51     31042.26     26893.52     19515.77      5433.14     21170.55     12593.60 
    23936.21     18029.62     13620.74      9228.89      8465.09     13115.25     16011.15     12844.83      8427.19      4941.18      7356.69     12542.79     17271.74     21329.78     18533.71     13574.47      8170.70         0.00      7389.99     12992.71     21109.32     19563.49     26788.95     16302.76      8954.45     26668.07     25964.18     24604.58     10755.73     13000.84     10849.06 
    27044.23     20471.71     16022.88     13038.44      9427.15     13251.52     17054.75     17151.70     14351.41      8435.41      5231.75     10682.99     15230.24     21959.58     23111.78     19956.74     15474.13      7389.99         0.00      7633.48     18318.82     14228.48     28027.91     23518.56      5187.19     22952.23     25766.77     29410.98     17943.57      6048.83     12724.50 
    24400.10     17805.71     14122.52     13429.28      8764.24      9793.47     13536.71     17027.88     16610.42     10779.16      5932.93      6080.00      9085.93     17339.87     22466.06     22017.74     19783.46     12992.71      7633.48         0.00     11301.57      6715.93     23485.70     27027.77     12434.97     15409.34     20139.96     28543.41     23591.14      9720.44     11280.07 
    18827.25     13806.07     13013.01     15924.12     13084.07      9324.90      9976.90     17303.12     20168.13     16792.42     14215.04      8566.53      4017.17      9863.73     20427.24     23968.37     25077.55     21109.32     18318.82     11301.57         0.00      8070.84     14937.84     30178.55     23434.16      6003.19     10211.84     25123.87     30090.23     20963.33     12624.45 
    25629.64     19639.12     17152.78     18098.07     13771.06     12502.80     15226.42     20942.45     21898.96     16677.28     12268.80      9305.62      8594.44     17147.22     25529.48     26864.07     25774.35     19563.49     14228.48      6715.93      8070.84         0.00     22761.54     32444.69     18687.79      9801.89     18263.28     31069.37     29968.19     14745.68     15200.04 
     7257.16      9115.27     13201.33     17811.02     19007.88     14776.41     11054.13     15525.39     20833.30     21908.31     22811.17     17785.69     14705.83      6171.28     13534.59     21001.30     26043.35     26788.95     28027.91     23485.70     14937.84     22761.54         0.00     26999.18     32995.31     17955.09      5416.77     14486.52     31421.85     32693.79     16028.05 
    20596.50     18875.16     17357.89     14510.69     18678.87     20967.52     20742.19     13118.56     10546.77     16293.49     21261.37     23270.51     26332.21     24485.62     13547.62      6386.71      8153.08     16302.76     23518.56     27027.77     30178.55     32444.69     26999.18         0.00     24892.72     36153.83     29358.28     16208.17      9245.91     29300.13     17725.95 
    31512.54     25082.66     20564.63     16986.83     14095.79     18249.46     21958.16     21008.66     17243.90     12156.40     10225.44     15856.11     20415.10     26991.55     26924.36     22525.63     16773.51      8954.45      5187.19     12434.97     23434.16     18687.79     32995.31     24892.72         0.00     27843.69     30915.07     33149.12     17671.31      5793.45     17317.87 
    23255.94     19136.58     18902.23     21926.58     18931.37     15326.98     15713.87     23202.81     26169.36     22583.81     19501.04     14233.18      9986.74     14319.75     25886.07     29909.35     31042.26     26668.07     22952.23     15409.34      6003.19      9801.89     17955.09     36153.83     27843.69         0.00     12573.35     30053.72     35991.09     24437.95     18626.77 
    11728.57     10485.74     13219.22     17793.99     17611.03     12971.90     10101.57     16697.82     21522.41     21034.63     20740.95     15101.82     11054.62      5027.87     16584.38     23044.77     26893.52     25964.18     25766.77     20139.96     10211.84     18263.28      5416.77     29358.28     30915.07     12573.35         0.00     19001.72     32321.77     29741.18     15217.07 
     7308.18     11477.65     14423.55     16372.55     20467.32     18944.38     15845.14     12259.48     16243.95     21092.96     24776.23     22654.37     22639.87     15748.34      6301.85     12466.26     19515.77     24604.58     29410.98     28543.41     25123.87     31069.37     14486.52     16208.17     33149.12     30053.72     19001.72         0.00     23818.03     35305.75     17395.00 
    26302.81     22380.60     19120.88     14726.58     17067.95     20977.39     22421.64     15912.38     10799.76     13515.78     17726.48     21851.00     26075.93     27303.99     19336.30     11476.79      5433.14     10755.73     17943.57     23591.14     30090.23     29968.19     31421.85      9245.91     17671.31     35991.09     32321.77     23818.03         0.00     22918.73     17820.57 
    32496.76     25841.10     21535.99     18961.28     14991.25     18138.54     22044.22     23066.56     20395.08     14464.09     10624.13     14909.63     18728.38     26527.01     29004.92     25987.28     21170.55     13000.84      6048.83      9720.44     20963.33     14745.68     32693.79     29300.13      5793.45     24437.95     29741.18     35305.75     22918.73         0.00     18258.68 
    14320.68      7773.72      3299.83      3299.83      3299.83      3299.83      5168.92      5833.61      7544.88      5916.29      7642.29      5916.29      8670.24     10486.03     11218.09     11774.78     12593.60     10849.06     12724.50     11280.07     12624.45     15200.04     16028.05     17725.95     17317.87     18626.77     15217.07     17395.00     17820.57     18258.68         0.00 
DEMAND_SECTION
1 969
2 972
3 900
4 900
5 900
6 900
7 976
8 924
9 1000
10 924
11 872
12 924
13 992
14 943
15 1000
16 1000
17 993
18 1000
19 943
20 969
21 936
22 968
23 991
24 956
25 965
26 965
27 974
28 984
29 1000
30 932
31 0
DEPOT_SECTION
1
-1
EOF
