NAME: /home/jevata/NetBeansProjects/CCVRP/kelly10.ccvrp
TYPE: CVRP
COMMENT: ; big-m modified Wed Nov  7 11:13:48 2012
DIMENSION: 17
CAPACITY: 1000
EDGE_WEIGHT_TYPE: EXPLICIT
EDGE_WEIGHT_FORMAT: FULL_MATRIX
EDGE_WEIGHT_SECTION
        0.00     12896.43     12477.05     10246.04      9736.36      7784.26      8799.93      4889.81      8244.74      9703.65      3887.72     10673.10     12777.75      7465.48     11587.19     14697.81     14540.21 
    12896.43         0.00      2009.82      3149.62      4799.95      7499.07      8972.89      8017.37     14063.00     14722.05     15205.52     19745.58     21285.83     20245.53     24099.23     27572.56      1823.58 
    12477.05      2009.82         0.00      4079.93      3310.86      8302.54      7314.77      7629.61     14834.11     13084.16     14330.36     20301.43     19781.93     19932.08     23285.68     27155.55      2444.95 
    10246.04      3149.62      4079.93         0.00      4698.47      4365.71      8523.03      5540.33     10940.06     13916.73     13016.07     16596.55     20028.30     17416.53     21716.60     24787.64      4972.88 
     9736.36      4799.95      3310.86      4698.47         0.00      7657.51      4184.82      5194.12     13673.28      9922.17     11163.52     18650.90     16524.24     17179.94     20115.10     24259.52      5748.71 
     7784.26      7499.07      8302.54      4365.71      7657.51         0.00     10217.82      4687.64      6575.11     14513.84     11354.35     12268.00     19605.31     14114.75     19279.07     21469.94      9315.18 
     8799.93      8972.89      7314.77      8523.03      4184.82     10217.82         0.00      6034.44     15060.18      5770.78      8701.25     19101.83     12508.13     15666.93     17317.85     22207.86      9739.80 
     4889.81      8017.37      7629.61      5540.33      5194.12      4687.64      6034.44         0.00      9066.71      9829.97      7493.16     13577.43     15096.04     12312.75     16192.77     19586.26      9650.51 
     8244.74     14063.00     14834.11     10940.06     13673.28      6575.11     15060.18      9066.71         0.00     17678.75     11974.12      5907.74     20910.55     10845.79     17277.11     17508.48     15871.17 
     9703.65     14722.05     13084.16     13916.73      9922.17     14513.84      5770.78      9829.97     17678.75         0.00      7164.51     20237.73      6877.21     14352.86     13719.60     19549.20     15502.63 
     3887.72     15205.52     14330.36     13016.07     11163.52     11354.35      8701.25      7493.16     11974.12      7164.51         0.00     13367.90      8940.99      7337.34      8957.45     13507.96     16640.37 
    10673.10     19745.58     20301.43     16596.55     18650.90     12268.00     19101.83     13577.43      5907.74     20237.73     13367.90         0.00     21643.24      8691.59     15321.59     13510.07     21567.74 
    12777.75     21285.83     19781.93     20028.30     16524.24     19605.31     12508.13     15096.04     20910.55      6877.21      8940.99     21643.24         0.00     13719.21      9898.56     16328.91     22222.51 
     7465.48     20245.53     19932.08     17416.53     17179.94     14114.75     15666.93     12312.75     10845.79     14352.86      7337.34      8691.59     13719.21         0.00      6710.79      7384.62     21939.13 
    11587.19     24099.23     23285.68     21716.60     20115.10     19279.07     17317.85     16192.77     17277.11     13719.60      8957.45     15321.59      9898.56      6710.79         0.00      6432.22     25579.35 
    14697.81     27572.56     27155.55     24787.64     24259.52     21469.94     22207.86     19586.26     17508.48     19549.20     13507.96     13510.07     16328.91      7384.62      6432.22         0.00     29236.28 
    14540.21      1823.58      2444.95      4972.88      5748.71      9315.18      9739.80      9650.51     15871.17     15502.63     16640.37     21567.74     22222.51     21939.13     25579.35     29236.28         0.00 
DEMAND_SECTION
1 987
2 780
3 968
4 926
5 946
6 968
7 928
8 951
9 967
10 991
11 997
12 996
13 997
14 998
15 980
16 815
17 0
DEPOT_SECTION
1
-1
EOF
