NAME: /home/jevata/NetBeansProjects/CCVRP/kelly07.ccvrp
TYPE: CVRP
COMMENT: ; big-m modified Wed Nov  7 11:13:47 2012
DIMENSION: 9
CAPACITY: 900
EDGE_WEIGHT_TYPE: EXPLICIT
EDGE_WEIGHT_FORMAT: FULL_MATRIX
EDGE_WEIGHT_SECTION
        0.00    155296.00    220979.92    196126.31    324042.57    318694.48    278421.22    316291.76    201419.10 
   155296.00         0.00     85250.73    140058.46    196019.60    171784.94    271848.15    162140.47     77572.34 
   220979.92     85250.73         0.00    104686.23    110976.07    170610.91    234015.33    109937.32     23308.57 
   196126.31    140058.46    104686.23         0.00    153683.45    274463.66    133984.38    209049.65     85628.35 
   324042.57    196019.60    110976.07    153683.45         0.00    216601.01    237241.91    115383.45    124944.37 
   318694.48    171784.94    170610.91    274463.66    216601.01         0.00    404425.36    102977.02    188947.38 
   278421.22    271848.15    234015.33    133984.38    237241.91    404425.36         0.00    326837.90    217892.04 
   316291.76    162140.47    109937.32    209049.65    115383.45    102977.02    326837.90         0.00    133169.41 
   201419.10     77572.34     23308.57     85628.35    124944.37    188947.38    217892.04    133169.41         0.00 
DEMAND_SECTION
1 900
2 900
3 900
4 900
5 900
6 900
7 900
8 900
9 0
DEPOT_SECTION
1
-1
EOF
