NAME: /home/jevata/NetBeansProjects/CCVRP/kelly12.ccvrp
TYPE: CVRP
COMMENT: ; big-m modified Wed Nov  7 11:13:48 2012
DIMENSION: 21
CAPACITY: 1000
EDGE_WEIGHT_TYPE: EXPLICIT
EDGE_WEIGHT_FORMAT: FULL_MATRIX
EDGE_WEIGHT_SECTION
        0.00     29141.82     28142.56     26956.59     24878.91     24786.01     21619.50     21417.60     22896.34     17049.76     17573.36     12724.15     22850.46     12895.80     14926.11     18739.51      7916.18      3641.88     10546.69     10490.52     30512.18 
    29141.82         0.00      2009.82      3149.62      4799.95      7499.07      8972.89      8017.37     14063.00     14722.05     12252.05     16445.22     21236.95     22889.50     18727.79     26777.48     22156.47     26333.08     31150.32     37052.60      1823.58 
    28142.56      2009.82         0.00      4079.93      3310.86      8302.54      7314.77      7629.61     14834.11     13084.16     11829.19     15419.94     21989.82     21236.95     18657.39     27107.16     21446.49     25194.18     30803.73     36430.73      2444.95 
    26956.59      3149.62      4079.93         0.00      4698.47      4365.71      8523.03      5540.33     10940.06     13916.73      9620.50     14435.51     18116.92     21959.51     15749.20     23641.02     19673.50     24364.57     28302.17     34414.50      4972.88 
    24878.91      4799.95      3310.86      4698.47         0.00      7657.51      4184.82      5194.12     13673.28      9922.17      9103.56     12168.54     20622.11     18089.56     16186.90     25045.85     18346.88     21895.08     27956.07     33352.59      5748.71 
    24786.01      7499.07      8302.54      4365.71      7657.51         0.00     10217.82      4687.64      6575.11     14513.84      7284.97     13020.77     13751.89     21964.01     12088.14     19416.68     17086.34     22630.58     24815.05     31315.69      9315.18 
    21619.50      8972.89      7314.77      8523.03      4184.82     10217.82         0.00      6034.44     15060.18      5770.78      8296.14      9217.49     21405.95     13932.22     15336.77     24651.59     15837.64     18416.01     25966.35     30712.52      9739.80 
    21417.60      8017.37      7629.61      5540.33      5194.12      4687.64      6034.44         0.00      9066.71      9829.97      4242.53      8975.91     15689.31     17347.45     11074.21     19851.99     14184.23     18875.26     23202.68     29037.59      9650.51 
    22896.34     14063.00     14834.11     10940.06     13673.28      6575.11     15060.18      9066.71         0.00     17678.75      8229.95     13676.16      7176.87     23697.06      8183.65     13295.95     15010.84     21637.10     20343.64     27444.91     15871.17 
    17049.76     14722.05     13084.16     13916.73      9922.17     14513.84      5770.78      9829.97     17678.75         0.00      9540.92      6485.64     22824.27      8167.59     15056.64     24313.36     12860.38     13574.89     23245.11     26889.25     15502.63 
    17573.36     12252.05     11829.19      9620.50      9103.56      7284.97      8296.14      4242.53      8229.95      9540.92         0.00      5923.35     13478.78     15629.11      7174.37     16377.93     10071.33     15345.77     18975.85     24821.20     13892.62 
    12724.15     16445.22     15419.94     14435.51     12168.54     13020.77      9217.49      8975.91     13676.16      6485.64      5923.35         0.00     17419.46     10077.18      8979.19     17983.31      6711.52      9933.04     17049.82     21495.04     17788.93 
    22850.46     21236.95     21989.82     18116.92     20622.11     13751.89     21405.95     15689.31      7176.87     22824.27     13478.78     17419.46         0.00     27281.15      8856.62      7503.35     15801.75     22726.97     17040.84     24517.48     23041.64 
    12895.80     22889.50     21236.95     21959.51     18089.56     21964.01     13932.22     17347.45     23697.06      8167.59     15629.11     10077.18     27281.15         0.00     18523.16     26559.38     13049.76      9363.30     22048.18     23383.73     23642.44 
    14926.11     18727.79     18657.39     15749.20     16186.90     12088.14     15336.77     11074.21      8183.65     15056.64      7174.37      8979.19      8856.62     18523.16         0.00      9393.30      7253.66     14177.24     12736.61     19481.87     20486.96 
    18739.51     26777.48     27107.16     23641.02     25045.85     19416.68     24651.59     19851.99     13295.95     24313.36     16377.93     17983.31      7503.35     26559.38      9393.30         0.00     13607.77     19756.33     10525.91     17867.92     28597.72 
     7916.18     22156.47     21446.49     19673.50     18346.88     17086.34     15837.64     14184.23     15010.84     12860.38     10071.33      6711.52     15801.75     13049.76      7253.66     13607.77         0.00      6948.52     10394.08     15006.31     23689.48 
     3641.88     26333.08     25194.18     24364.57     21895.08     22630.58     18416.01     18875.26     21637.10     13574.89     15345.77      9933.04     22726.97      9363.30     14177.24     19756.33      6948.52         0.00     13111.63     14089.32     27603.48 
    10546.69     31150.32     30803.73     28302.17     27956.07     24815.05     25966.35     23202.68     20343.64     23245.11     18975.85     17049.82     17040.84     22048.18     12736.61     10525.91     10394.08     13111.63         0.00      7478.76     32840.60 
    10490.52     37052.60     36430.73     34414.50     33352.59     31315.69     30712.52     29037.59     27444.91     26889.25     24821.20     21495.04     24517.48     23383.73     19481.87     17867.92     15006.31     14089.32      7478.76         0.00     38636.24 
    30512.18      1823.58      2444.95      4972.88      5748.71      9315.18      9739.80      9650.51     15871.17     15502.63     13892.62     17788.93     23041.64     23642.44     20486.96     28597.72     23689.48     27603.48     32840.60     38636.24         0.00 
DEMAND_SECTION
1 989
2 780
3 968
4 926
5 946
6 968
7 928
8 951
9 967
10 991
11 958
12 996
13 992
14 992
15 979
16 992
17 983
18 999
19 983
20 413
21 0
DEPOT_SECTION
1
-1
EOF
