NAME: /home/jevata/NetBeansProjects/CCVRP/kelly03.ccvrp
TYPE: CVRP
COMMENT: ; big-m modified Wed Nov  7 11:13:47 2012
DIMENSION: 10
CAPACITY: 900
EDGE_WEIGHT_TYPE: EXPLICIT
EDGE_WEIGHT_FORMAT: FULL_MATRIX
EDGE_WEIGHT_SECTION
        0.00    146006.40    219003.54    288986.35    208001.80    300323.52    368330.13    156750.95    375450.11    212769.13 
   146006.40         0.00     79793.67    146936.62    139105.69    172585.73    254024.71     38729.69    260916.50     78616.87 
   219003.54     79793.67         0.00     70089.75    116487.95    161631.08    180015.71    100205.44    186599.71     13527.59 
   288986.35    146936.62     70089.75         0.00    159008.13    156503.04    144211.76    158286.79    149380.96     78223.74 
   208001.80    139105.69    116487.95    159008.13         0.00    277487.46    169091.00    177106.39    175953.48    103110.92 
   300323.52    172585.73    161631.08    156503.04    277487.46         0.00    299396.68    146092.07    304021.20    174681.98 
   368330.13    254024.71    180015.71    144211.76    169091.00    299396.68         0.00    279967.91      7125.02    176664.13 
   156750.95     38729.69    100205.44    158286.79    177106.39    146092.07    279967.91         0.00    286627.38    103721.01 
   375450.11    260916.50    186599.71    149380.96    175953.48    304021.20      7125.02    286627.38         0.00    183427.64 
   212769.13     78616.87     13527.59     78223.74    103110.92    174681.98    176664.13    103721.01    183427.64         0.00 
DEMAND_SECTION
1 900
2 900
3 890
4 880
5 900
6 900
7 880
8 900
9 850
10 0
DEPOT_SECTION
1
-1
EOF
