NAME: /home/jevata/NetBeansProjects/CCVRP/kelly16.ccvrp
TYPE: CVRP
COMMENT: ; big-m modified Wed Nov  7 11:13:48 2012
DIMENSION: 39
CAPACITY: 1000
EDGE_WEIGHT_TYPE: EXPLICIT
EDGE_WEIGHT_FORMAT: FULL_MATRIX
EDGE_WEIGHT_SECTION
        0.00      9268.19     15217.53     21204.32     24794.80     27802.43     24653.93     29469.85     32130.83     28423.33     25143.61     20058.76     19878.20     24798.77     27593.52     34090.16     37423.26     34490.74     30000.08     23155.65     16646.65     15792.19     22367.33     31274.79     30024.15     35070.35     42635.62     43034.11     42165.77     38408.45     33824.89     22655.21     10562.94      8556.12     19209.86     32999.66     46599.24     25388.53     24503.27 
     9268.19         0.00      6144.78     12094.66     15527.24     18680.06     15941.47     20659.28     22965.33     19159.58     16074.34     10800.33     11407.98     16839.87     19927.87     25529.97     28304.15     25231.65     21118.77     14840.70      8427.48      8920.86     16443.40     23153.95     23915.68     27580.21     33559.09     34552.65     32906.37     29608.23     26778.04     16613.43      7425.57      7517.23     16065.99     28427.73     37620.86     17225.07     15385.84 
    15217.53      6144.78         0.00      5989.38      9857.91     12589.04      9857.91     14526.96     16913.51     13592.60     11469.84      5617.06      5617.06     11235.51     14439.91     19455.85     22214.66     19650.44     16756.85     12062.51      7379.03      5865.78     12676.84     20024.70     19445.91     22042.59     27448.68     28481.41     27281.45     25178.09     24839.41     16600.54     11828.92     10586.88     14738.52     24891.76     31483.85     11453.64      9289.21 
    21204.32     12094.66      5989.38         0.00      4666.67      6599.66      4666.67      8818.74     10932.23      8272.66      8039.08      3743.34      3743.34      7607.65     10672.48     13940.48     16225.67     14122.52     12988.87     11104.42      9843.34      8624.30     12207.77     17544.00     17094.89     17727.28     21466.84     22902.73     21623.47     20888.29     23369.02     17774.80     16776.03     15872.75     16686.89     23497.14     25536.31      7307.91      3299.83 
    24794.80     15527.24      9857.91      4666.67         0.00      4666.67      6599.66      8272.66      8039.08      3743.34      4367.30      4831.77      8272.66     10424.21     12879.42     13291.70     13394.44      9793.47      8588.72      8928.84     10641.96     13288.66     16235.65     13659.91     19895.91     18740.67     18686.71     21666.33     17439.32     16242.06     19889.25     16437.59     18679.22     20261.65     21212.93     26656.50     22997.44      9717.95      3299.83 
    27802.43     18680.06     12589.04      6599.66      4666.67         0.00      4666.67      3743.34      4367.30      4831.77      8600.01      8818.74      8818.74      8101.48      9629.94      8628.98      9627.01      8764.24     11326.62     13488.30     15057.90     14195.28     14807.12     16975.93     16752.83     14430.30     14882.51     17080.80     15676.74     17368.15     23475.23     21059.57     22813.37     22116.53     20712.39     23682.02     19013.20      7126.25      3299.83 
    24653.93     15941.47      9857.91      4666.67      6599.66      4666.67         0.00      4831.77      8600.01      8818.74     10932.23      8272.66      4831.77      3853.06      6384.21      9598.28     13286.86     13429.28     14941.12     15017.26     14504.49      9964.74     10231.52     20233.16     13305.84     13087.29     18251.61     18624.14     20228.81     21775.42     26488.02     22119.10     21283.12     18181.05     16045.77     20059.53     22016.42      3122.58      3299.83 
    29469.85     20659.28     14526.96      8818.74      8272.66      3743.34      4831.77         0.00      4972.41      8366.90     12338.10     11832.59      9660.73      6556.22      6868.40      5197.19      8703.15     10779.16     14845.96     17178.78     18200.11     14666.06     13318.87     20568.63     13741.49     10706.08     13482.54     14086.77     16517.33     20085.44     27106.53     24710.18     25570.62     22953.46     19707.28     20674.89     17186.15      5518.36      5916.29 
    32130.83     22965.33     16913.51     10932.23      8039.08      4367.30      8600.01      4972.41         0.00      5880.94     10807.83     12731.43     13105.41     11325.52     11825.22      7263.01      5394.69      5932.93     11549.88     15878.05     18671.98     18447.74     18156.22     17292.26     18548.73     14345.50     10697.52     14156.02     11711.96     15449.57     23855.01     23470.20     26700.12     26459.77     24402.01     25437.57     14966.03     10279.13      7642.29 
    28423.33     19159.58     13592.60      8272.66      3743.34      4831.77      8818.74      8366.90      5880.94         0.00      4972.41      8366.90     11662.34     12591.70     14424.08     12583.22     10765.08      6080.00      6503.41     10018.62     13492.70     16865.10     18997.68     12202.03     21557.14     19030.90     15910.61     20036.87     13749.86     13016.33     18742.96     17593.61     21739.71     23999.50     24427.01     28472.25     20317.83     11697.65      5916.29 
    25143.61     16074.34     11469.84      8039.08      4367.30      8600.01     10932.23     12338.10     10807.83      4972.41         0.00      5880.94     11771.42     14717.79     17244.39     17094.92     15718.74     10071.29      5292.04      5074.73      9133.90     16154.15     20183.18      9525.04     24238.07     22969.29     20804.98     24938.47     17515.59     13725.09     15579.50     12688.32     17403.13     22019.69     24639.26     30958.02     25226.38     14054.81      7642.29 
    20058.76     10800.33      5617.06      3743.34      4831.77      8818.74      8272.66     11832.59     12731.43      8366.90      5880.94         0.00      6832.30     11346.96     14411.45     17029.76     18122.75     14432.41     11172.64      7639.32      6373.00     10441.19     15463.35     14870.53     20791.62     21356.43     23425.69     25808.51     22107.46     19564.65     20264.76     14038.63     14009.13     16200.34     19165.22     27087.45     27685.16     11043.73      5916.29 
    19878.20     11407.98      5617.06      3743.34      8272.66      8818.74      4831.77      9660.73     13105.41     11662.34     11771.42      6832.30         0.00      5623.90      8840.71     14229.91     18040.59     17196.05     16720.28     14466.95     11881.41      5385.29      8637.18     21254.97     14344.92     16426.16     23067.82     23220.40     24444.19     24506.23     26971.86     20587.98     17435.07     13403.28     12961.39     20363.75     26846.83      5855.82      5916.29 
    24798.77     16839.87     11235.51      7607.65     10424.21      8101.48      3853.06      6556.22     11325.52     12591.70     14717.79     11346.96      5623.90         0.00      3228.95      9695.33     15167.53     16732.05     18789.83     18557.94     17170.82      9129.88      6834.92     24075.96      9581.57     10810.86     19624.96     18353.28     23012.24     25446.37     30294.04     25382.44     23058.72     17414.21     13151.16     16240.84     22915.05      1047.32      7132.06 
    27593.52     19927.87     14439.91     10672.48     12879.42      9629.94      6384.21      6868.40     11825.22     14424.08     17244.39     14411.45      8840.71      3228.95         0.00      8085.79     14626.83     17639.39     20854.57     21396.66     20357.25     11804.82      7381.78     26358.35      7134.43      7653.51     18478.65     16033.42     23135.17     26832.10     32724.86     28406.08     26268.25     19870.41     13975.77     14052.74     21314.46      3370.09      9614.05 
    34090.16     25529.97     19455.85     13940.48     13291.70      8628.98      9598.28      5197.19      7263.01     12583.22     17094.92     17029.76     14229.91      9695.33      8085.79         0.00      7283.50     12803.55     18723.34     22077.46     23396.42     18721.52     15465.09     24491.62     13068.44      7302.94     10431.59      9025.91     16309.97     22370.62     31065.64     29673.04     30715.98     27054.68     22060.90     19544.95     13291.19      8883.45     11113.47 
    37423.26     28304.15     22214.66     16225.67     13394.44      9627.01     13286.86      8703.15      5394.69     10765.08     15718.74     18122.75     18040.59     15167.53     14626.83      7283.50         0.00      7546.56     15181.30     20698.61     23989.64     23249.78     21739.81     20569.97     20316.53     14278.84      5303.23     10219.57      9052.07     16382.62     26918.83     28159.37     32072.43     31442.28     28256.18     26825.41      9615.06     14155.11     12926.21 
    34490.74     25231.65     19650.44     14122.52      9793.47      8764.24     13429.28     10779.16      5932.93      6080.00     10071.29     14432.41     17196.05     16732.05     17639.39     12803.55      7546.56         0.00      7942.04     14498.01     19152.63     22542.80     23523.93     13068.76     24465.77     20068.46     11668.44     17764.96      7675.07      9584.16     19373.37     21525.08     27439.29     29972.33     29472.45     31365.88     16026.59     15711.11     11280.07 
    30000.08     21118.77     16756.85     12988.87      8588.72     11326.62     14941.12     14845.96     11549.88      6503.41      5292.04     11172.64     16720.28     18789.83     20854.57     18723.34     15181.30      7942.04         0.00      7508.90     13495.46     21360.59     24821.72      5773.97     27986.28     25446.42     19606.37     25242.37     14148.43      8501.17     12349.88     13775.26     21447.98     27286.68     29675.68     34871.91     23967.96     17969.83     11730.84 
    23155.65     14840.70     12062.51     11104.42      8928.84     13488.30     15017.26     17178.78     15878.05     10018.62      5074.73      7639.32     14466.95     18557.94     21396.66     22077.46     20698.61     14498.01      7508.90         0.00      6535.30     17680.21     23101.72      8316.11     28129.71     27651.25     25689.94     30013.20     21469.34     15439.70     12802.32      7621.50     14027.52     21808.65     26560.60     34601.22     30118.57     18067.68     11905.14 
    16646.65      8427.48      7379.03      9843.34     10641.96     15057.90     14504.49     18200.11     18671.98     13492.70      9133.90      6373.00     11881.41     17170.82     20357.25     23396.42     23989.64     19152.63     13495.46      6535.30         0.00     13216.03     19917.15     14793.48     26224.17     27567.20     29255.32     32122.21     26649.32     21799.24     18438.91      9239.29      8287.17     15690.55     22000.33     32049.00     33604.36     17043.13     12285.23 
    15792.19      8920.86      5865.78      8624.30     13288.66     14195.28      9964.74     14666.06     18447.74     16865.10     16154.15     10441.19      5385.29      9129.88     11804.82     18721.52     23249.78     22542.80     21360.59     17680.21     13216.03         0.00      7538.22     25307.03     15012.25     19299.79     28148.56     27482.11     29829.05     29467.53     30480.18     22452.12     16143.90      8341.50      8908.47     19658.68     31747.13      9845.97     11271.80 
    22367.33     16443.40     12676.84     12207.77     16235.65     14807.12     10231.52     13318.87     18156.22     18997.68     20183.18     15463.35      8637.18      6834.92      7381.78     15465.09     21739.81     23523.93     24821.72     23101.72     19917.15      7538.22         0.00     29708.21      7680.67     13447.17     25828.90     23120.40     29824.82     31994.74     35570.09     28963.39     23674.04     13992.42      6597.08     12231.21     28685.61      7878.99     13162.50 
    31274.79     23153.95     20024.70     17544.00     13659.91     16975.93     20233.16     20568.63     17292.26     12202.03      9525.04     14870.53     21254.97     24075.96     26358.35     24491.62     20569.97     13068.76      5773.97      8316.11     14793.48     25307.03     29708.21         0.00     33460.98     31205.35     24588.48     30747.84     17726.06      8767.66      6576.08     11153.51     21559.84     30078.33     34003.00     40284.41     28818.96     23330.32     16943.97 
    30024.15     23915.68     19445.91     17094.89     19895.91     16752.83     13305.84     13741.49     18548.73     21557.14     24238.07     20791.62     14344.92      9581.57      7134.43     13068.44     20316.53     24465.77     27986.28     28129.71     26224.17     15012.25      7680.67     33460.98         0.00      7737.47     23100.79     18275.79     29253.66     33825.13     39782.01     34807.65     30963.64     21583.28     12443.43      6944.21     24938.51     10183.28     16599.92 
    35070.35     27580.21     22042.59     17727.28     18740.67     14430.30     13087.29     10706.08     14345.50     19030.90     22969.29     21356.43     16426.16     10810.86      7653.51      7302.94     14278.84     20068.46     25446.42     27651.25     27567.20     19299.79     13447.17     31205.35      7737.47         0.00     16004.08     10540.98     23306.77     29649.19     37765.83     35027.62     33856.38     27083.00     19461.76     13037.64     17359.84     10650.82     15822.64 
    42635.62     33559.09     27448.68     21466.84     18686.71     14882.51     18251.61     13482.54     10697.52     15910.61     20804.98     23425.69     23067.82     19624.96     18478.65     10431.59      5303.23     11668.44     19606.37     25689.94     29255.32     28148.56     25828.90     24588.48     23100.79     16004.08         0.00      8083.83      9273.77     18899.21     30628.58     33015.07     37365.87     36426.07     32422.56     29033.81      4428.66     18672.03     18173.29 
    43034.11     34552.65     28481.41     22902.73     21666.33     17080.80     18624.14     14086.77     14156.02     20036.87     24938.47     25808.51     23220.40     18353.28     16033.42      9025.91     10219.57     17764.96     25242.37     30013.20     32122.21     27482.11     23120.40     30747.84     18275.79     10540.98      8083.83         0.00     17266.82     26296.13     37133.14     37619.13     39653.85     35752.07     29521.33     23076.31      7381.06     17671.79     19931.27 
    42165.77     32906.37     27281.45     21623.47     17439.32     15676.74     20228.81     16517.33     11711.96     13749.86     17515.59     22107.46     24444.19     23012.24     23135.17     16309.97      9052.07      7675.07     14148.43     21469.34     26649.32     29829.05     29824.82     17726.06     29253.66     23306.77      9273.77     17266.82         0.00     10354.75     22956.79     27842.34     34913.13     37495.23     36113.61     35851.28     12449.46     21964.95     18595.12 
    38408.45     29608.23     25178.09     20888.29     16242.06     17368.15     21775.42     20085.44     15449.57     13016.33     13725.09     19564.65     24506.23     25446.37     26832.10     22370.62     16382.62      9584.16      8501.17     15439.70     21799.24     29467.53     31994.74      8767.66     33825.13     29649.19     18899.21     26296.13     10354.75         0.00     12824.24     19877.85     29434.04     35743.45     37397.83     40760.31     22614.18     24490.04     18923.47 
    33824.89     26778.04     24839.41     23369.02     19889.25     23475.23     26488.02     27106.53     23855.01     18742.96     15579.50     20264.76     26971.86     30294.04     32724.86     31065.64     26918.83     19373.37     12349.88     12802.32     18438.91     30480.18     35570.09      6576.08     39782.01     37765.83     30628.58     37133.14     22956.79     12824.24         0.00     11387.39     23420.99     34129.31     39348.51     46534.85     34718.27     29607.19     23188.57 
    22655.21     16613.43     16600.54     17774.80     16437.59     21059.57     22119.10     24710.18     23470.20     17593.61     12688.32     14038.63     20587.98     25382.44     28406.08     29673.04     28159.37     21525.08     13775.26      7621.50      9239.29     22452.12     28963.39     11153.51     34807.65     35027.62     33015.07     37619.13     27842.34     19877.85     11387.39         0.00     12132.98     24130.56     31230.63     40946.88     37434.51     25036.92     19205.09 
    10562.94      7425.57     11828.92     16776.03     18679.22     22813.37     21283.12     25570.62     26700.12     21739.71     17403.13     14009.13     17435.07     23058.72     26268.25     30715.98     32072.43     27439.29     21447.98     14027.52      8287.17     16143.90     23674.04     21559.84     30963.64     33856.38     37365.87     39653.85     34913.13     29434.04     23420.99     12132.98         0.00     13943.94     23447.57     35774.95     41666.12     23229.66     19749.77 
     8556.12      7517.23     10586.88     15872.75     20261.65     22116.53     18181.05     22953.46     26459.77     23999.50     22019.69     16200.34     13403.28     17414.21     19870.41     27054.68     31442.28     29972.33     27286.68     21808.65     15690.55      8341.50     13992.42     30078.33     21583.28     27083.00     36426.07     35752.07     37495.23     35743.45     34129.31     24130.56     13943.94         0.00     10760.35     24464.71     40078.74     18172.52     18964.54 
    19209.86     16065.99     14738.52     16686.89     21212.93     20712.39     16045.77     19707.28     24402.01     24427.01     24639.26     19165.22     12961.39     13151.16     13975.77     22060.90     28256.18     29472.45     29675.68     26560.60     22000.33      8908.47      6597.08     34003.00     12443.43     19461.76     32422.56     29521.33     36113.61     37397.83     39348.51     31230.63     23447.57     10760.35         0.00     13865.17     35261.76     14191.89     18515.91 
    32999.66     28427.73     24891.76     23497.14     26656.50     23682.02     20059.53     20674.89     25437.57     28472.25     30958.02     27087.45     20363.75     16240.84     14052.74     19544.95     26825.41     31365.88     34871.91     34601.22     32049.00     19658.68     12231.21     40284.41      6944.21     13037.64     29033.81     23076.31     35851.28     40760.31     46534.85     40946.88     35774.95     24464.71     13865.17         0.00     30238.59     16954.19     23357.83 
    46599.24     37620.86     31483.85     25536.31     22997.44     19013.20     22016.42     17186.15     14966.03     20317.83     25226.38     27685.16     26846.83     22915.05     21314.46     13291.19      9615.06     16026.59     23967.96     30118.57     33604.36     31747.13     28685.61     28818.96     24938.51     17359.84      4428.66      7381.06     12449.46     22614.18     34718.27     37434.51     41666.12     40078.74     35261.76     30238.59         0.00     22032.72     22269.12 
    25388.53     17225.07     11453.64      7307.91      9717.95      7126.25      3122.58      5518.36     10279.13     11697.65     14054.81     11043.73      5855.82      1047.32      3370.09      8883.45     14155.11     15711.11     17969.83     18067.68     17043.13      9845.97      7878.99     23330.32     10183.28     10650.82     18672.03     17671.79     21964.95     24490.04     29607.19     25036.92     23229.66     18172.52     14191.89     16954.19     22032.72         0.00      6419.16 
    24503.27     15385.84      9289.21      3299.83      3299.83      3299.83      3299.83      5916.29      7642.29      5916.29      7642.29      5916.29      5916.29      7132.06      9614.05     11113.47     12926.21     11280.07     11730.84     11905.14     12285.23     11271.80     13162.50     16943.97     16599.92     15822.64     18173.29     19931.27     18595.12     18923.47     23188.57     19205.09     19749.77     18964.54     18515.91     23357.83     22269.12      6419.16         0.00 
DEMAND_SECTION
1 946
2 958
3 964
4 900
5 900
6 900
7 900
8 924
9 872
10 924
11 872
12 924
13 924
14 924
15 956
16 981
17 943
18 969
19 950
20 981
21 959
22 981
23 949
24 970
25 948
26 990
27 964
28 980
29 965
30 961
31 968
32 956
33 966
34 976
35 966
36 963
37 979
38 719
39 0
DEPOT_SECTION
1
-1
EOF
