NAME: /home/jevata/NetBeansProjects/CCVRP/kelly11.ccvrp
TYPE: CVRP
COMMENT: ; big-m modified Wed Nov  7 11:13:48 2012
DIMENSION: 19
CAPACITY: 1000
EDGE_WEIGHT_TYPE: EXPLICIT
EDGE_WEIGHT_FORMAT: FULL_MATRIX
EDGE_WEIGHT_SECTION
        0.00     13010.40     13880.87      9917.45     12929.52      6839.48     14622.86      9121.97     17879.16      6711.00     13114.63      7858.95     23225.74     10348.45     16697.06     15307.05     22353.69     23320.51     14805.46 
    13010.40         0.00      2009.82      3149.62      4799.95      6605.68      8972.89      8916.04     15035.24     13238.26     15581.79     20836.78     22411.97     19748.44     21958.61     26171.62     27356.57     31938.64      1823.58 
    13880.87      2009.82         0.00      4079.93      3310.86      7130.81      7314.77      8347.75     13392.09     13114.97     14617.87     21582.98     20793.98     19618.38     21104.25     26153.55     26337.27     31399.60      2444.95 
     9917.45      3149.62      4079.93         0.00      4698.47      3482.52      8523.03      6587.87     14233.60     10337.85     13503.79     17714.79     21400.97     16799.13     19642.71     23143.13     25209.33     29240.05      4972.88 
    12929.52      4799.95      3310.86      4698.47         0.00      6196.46      4184.82      5613.05     10235.51     10702.59     11398.64     20211.04     17614.07     17065.87     17917.13     23666.15     23068.45     28390.47      5748.71 
     6839.48      6605.68      7130.81      3482.52      6196.46         0.00      8743.05      4550.82     13510.87      7053.04     11226.90     14454.42     20176.04     13413.86     16926.41     19688.81     22623.59     26052.66      8425.70 
    14622.86      8972.89      7314.77      8523.03      4184.82      8743.05         0.00      5627.57      6080.14     10391.06      8669.22     21002.84     13479.92     16004.21     15098.39     22528.30     19795.15     25987.09      9739.80 
     9121.97      8916.04      8347.75      6587.87      5613.05      4550.82      5627.57         0.00      9179.98      5155.42      6929.89     15410.20     15635.78     11452.82     13095.54     18054.11     18623.79     23078.08     10483.00 
    17879.16     15035.24     13392.09     14233.60     10235.51     13510.87      6080.14      9179.98         0.00     11891.07      6688.51     22638.11      7402.97     15434.02     11569.84     21279.82     15089.95     22546.96     15808.52 
     6711.00     13238.26     13114.97     10337.85     10702.59      7053.04     10391.06      5155.42     11891.07         0.00      6434.53     10881.44     16585.87      6519.68     10488.53     13041.33     16254.11     19003.41     14976.27 
    13114.63     15581.79     14617.87     13503.79     11398.64     11226.90      8669.22      6929.89      6688.51      6434.53         0.00     16435.72     10157.94      8748.12      6533.16     14699.22     11775.46     17318.29     16963.85 
     7858.95     20836.78     21582.98     17714.79     20211.04     14454.42     21002.84     15410.20     22638.11     10881.44     16435.72         0.00     26183.40      9148.60     17028.71     10374.81     21765.62     19622.36     22642.61 
    23225.74     22411.97     20793.98     21400.97     17614.07     20176.04     13479.92     15635.78      7402.97     16585.87     10157.94     26183.40         0.00     17499.16     10597.88     21732.67     10989.31     19803.36     23211.45 
    10348.45     19748.44     19618.38     16799.13     17065.87     13413.86     16004.21     11452.82     15434.02      6519.68      8748.12      9148.60     17499.16         0.00      7880.46      6607.81     12830.13     13055.14     21494.32 
    16697.06     21958.61     21104.25     19642.71     17917.13     16926.41     15098.39     13095.54     11569.84     10488.53      6533.16     17028.71     10597.88      7880.46         0.00     11138.68      5767.90     11045.18     23414.01 
    15307.05     26171.62     26153.55     23143.13     23666.15     19688.81     22528.30     18054.11     21279.82     13041.33     14699.22     10374.81     21732.67      6607.81     11138.68         0.00     13717.26      9334.80     27947.19 
    22353.69     27356.57     26337.27     25209.33     23068.45     22623.59     19795.15     18623.79     15089.95     16254.11     11775.46     21765.62     10989.31     12830.13      5767.90     13717.26         0.00      8976.39     28712.76 
    23320.51     31938.64     31399.60     29240.05     28390.47     26052.66     25987.09     23078.08     22546.96     19003.41     17318.29     19622.36     19803.36     13055.14     11045.18      9334.80      8976.39         0.00     33556.70 
    14805.46      1823.58      2444.95      4972.88      5748.71      8425.70      9739.80     10483.00     15808.52     14976.27     16963.85     22642.61     23211.45     21494.32     23414.01     27947.19     28712.76     33556.70         0.00 
DEMAND_SECTION
1 984
2 780
3 968
4 926
5 946
6 959
7 928
8 951
9 972
10 995
11 968
12 985
13 991
14 982
15 995
16 986
17 978
18 686
19 0
DEPOT_SECTION
1
-1
EOF
