NAME: /home/jevata/NetBeansProjects/CCVRP/kelly13.ccvrp
TYPE: CVRP
COMMENT: ; big-m modified Wed Nov  7 11:13:48 2012
DIMENSION: 28
CAPACITY: 1000
EDGE_WEIGHT_TYPE: EXPLICIT
EDGE_WEIGHT_FORMAT: FULL_MATRIX
EDGE_WEIGHT_SECTION
        0.00      4831.77      3743.34      8272.66      8818.74      8366.90      6309.36      4972.41      8366.90     12338.10     11832.59     12936.67     12447.99     10682.99      6080.00      6503.41     10018.62     13461.22     17780.89     16928.26     17509.61     11925.14     21521.38     17731.16     14574.28     20267.79      6072.87      5916.29 
     4831.77         0.00      4666.67      6599.66      4666.67      3743.34      4404.22      8600.01      8818.74     10932.23      8272.66      8300.97      8230.77      9427.15      8764.24     11326.62     13488.30     14305.59     16848.81     13929.65     12949.35     16704.05     16731.85     12980.19     14023.62     19667.29      8619.71      3299.83 
     3743.34      4666.67         0.00      4666.67      6599.66      8272.66      8300.97      4367.30      4831.77      8600.01      8818.74     11001.22     12854.03     13251.52      9793.47      8588.72      8928.84     10212.63     14069.17     13460.18     15260.45     13417.27     19782.33     17046.60     17549.37     16616.84      3969.12      3299.83 
     8272.66      6599.66      4666.67         0.00      4666.67      8818.74     11001.22      8039.08      3743.34      4367.30      4831.77      8456.83     13188.85     16022.88     14122.52     12988.87     11104.42      8492.14     10254.30      8811.52     11910.78     17331.57     16888.50     15634.95     20620.98     13069.76      6485.13      3299.83 
     8818.74      4666.67      6599.66      4666.67         0.00      4831.77      8456.83     10932.23      8272.66      8039.08      3743.34      4404.22      8744.45     13038.44     13429.28     14941.12     15017.26     13132.72     13823.58      9513.23      8756.19     19984.62     13184.68     11061.21     17717.40     16778.01     10030.07      3299.83 
     8366.90      3743.34      8272.66      8818.74      4831.77         0.00      4614.51     12338.10     11832.59     12731.43      8366.90      6309.36      4613.63      8435.41     10779.16     14845.96     17178.78     17169.34     18598.39     14078.55     10813.34     20291.21     13793.52      9375.41     13070.45     21535.81     12239.69      5916.29 
     6309.36      4404.22      8300.97     11001.22      8456.83      4614.51         0.00     11207.37     12936.67     15335.84     12200.14     10892.48      6931.17      5056.26      6399.91     12054.03     16281.31     18422.69     21252.69     17966.15     15427.77     17511.25     18204.38     13088.91      9619.93     24063.75     11903.13      7702.15 
     4972.41      8600.01      4367.30      8039.08     10932.23     12338.10     11207.37         0.00      5880.94     10807.83     12731.43     15335.84     16795.31     15644.87     10071.29      5292.04      5074.73      9648.68     15191.47     16596.19     19484.31      9304.88     24113.36     21356.55     19393.69     17233.08      2099.47      7642.29 
     8366.90      8818.74      4831.77      3743.34      8272.66     11832.59     12936.67      5880.94         0.00      4972.41      8366.90     12200.14     16390.03     17963.15     14432.41     11172.64      7639.32      5496.12      9558.25     11031.75     15519.38     14693.63     20570.42     19320.09     22344.51     11918.78      3843.63      5916.29 
    12338.10     10932.23      8600.01      4367.30      8039.08     12731.43     15335.84     10807.83      4972.41         0.00      5880.94     10480.95     16772.05     20328.90     18332.74     16082.13     12172.15      6355.31      5934.46      6279.94     12481.40     19630.31     17688.19     17987.47     24952.56      8824.44      8809.58      7642.29 
    11832.59      8272.66      8818.74      4831.77      3743.34      8366.90     12200.14     12731.43      8366.90      5880.94         0.00      4614.51     11617.50     16724.37     16956.37     17405.06     15909.02     11991.21     11004.56      5774.00      7154.93     22032.40     12256.98     12114.88     21394.02     13966.57     11300.61      5916.29 
    12936.67      8300.97     11001.22      8456.83      4404.22      6309.36     10892.48     15335.84     12200.14     10480.95      4614.51         0.00      7908.33     14479.90     16774.74     19238.15     19310.78     16441.52     15502.18      9054.03      4662.49     24360.22      8781.17      7506.63     18958.86     18439.09     14372.51      7702.15 
    12447.99      8230.77     12854.03     13188.85      8744.45      4613.63      6931.17     16795.31     16390.03     16772.05     11617.50      7908.33         0.00      7843.23     13180.37     18724.20     21719.04     21644.59     22461.14     16864.53     11231.75     24212.60     12394.03      6442.15     11721.80     25429.82     16822.87     10486.03 
    10682.99      9427.15     13251.52     16022.88     13038.44      8435.41      5056.26     15644.87     17963.15     20328.90     16724.37     14479.90      7843.23         0.00      7633.48     15206.99     20639.57     23434.60     26258.58     22479.26     18587.82     20339.10     20235.52     14152.32      4681.03     29092.56     16636.98     12724.50 
     6080.00      8764.24      9793.47     14122.52     13429.28     10779.16      6399.91     10071.29     14432.41     18332.74     16956.37     16774.74     13180.37      7633.48         0.00      7942.04     14498.01     19371.04     23856.30     22448.44     21421.56     12781.58     24542.70     19466.39      9989.15     26343.93     11733.68     11280.07 
     6503.41     11326.62      8588.72     12988.87     14941.12     14845.96     12054.03      5292.04     11172.64     16082.13     17405.06     19238.15     18724.20     15206.99      7942.04         0.00      7508.90     14478.56     20394.19     21729.08     23696.32      5488.42     27929.86     24220.15     17929.00     22282.55      7367.05     11730.84 
    10018.62     13488.30      8928.84     11104.42     15017.26     17178.78     16281.31      5074.73      7639.32     12172.15     15909.02     19310.78     21719.04     20639.57     14498.01      7508.90         0.00      8120.17     14715.23     18442.04     23014.91      8233.16     27946.45     25884.49     24201.07     15977.74      5031.41     11905.14 
    13461.22     14305.59     10212.63      8492.14     13132.72     17169.34     18422.69      9648.68      5496.12      6355.31     11991.21     16441.52     21644.59     23434.60     19371.04     14478.56      8120.17         0.00      6674.94     12096.34     18824.07     16344.35     24029.54     23881.12     27760.64      7912.02      7702.53     11291.33 
    17780.89     16848.81     14069.17     10254.30     13823.58     18598.39     21252.69     15191.47      9558.25      5934.46     11004.56     15502.18     22461.14     26258.58     23856.30     20394.19     14715.23      6674.94         0.00      7914.38     16194.33     22880.44     21190.29     22843.88     30872.42      2970.51     13093.32     13550.93 
    16928.26     13929.65     13460.18      8811.52      9513.23     14078.55     17966.15     16596.19     11031.75      6279.94      5774.00      9054.03     16864.53     22479.26     22448.44     21729.08     18442.04     12096.34      7914.38         0.00      8469.85     25702.89     13314.76     15713.43     27139.71     10482.90     14747.16     11178.11 
    17509.61     12949.35     15260.45     11910.78      8756.19     10813.34     15427.77     19484.31     15519.38     12481.40      7154.93      4662.49     11231.75     18587.82     21421.56     23696.32     23014.91     18824.07     16194.33      8469.85         0.00     28677.52      5206.79      7765.03     22854.15     18906.22     18269.46     11995.30 
    11925.14     16704.05     13417.27     17331.57     19984.62     20291.21     17511.25      9304.88     14693.63     19630.31     22032.40     24360.22     24212.60     20339.10     12781.58      5488.42      8233.16     16344.35     22880.44     25702.89     28677.52         0.00     33120.09     29655.01     22536.82     24210.28     10970.21     16697.76 
    21521.38     16731.85     19782.33     16888.50     13184.68     13793.52     18204.38     24113.36     20570.42     17688.19     12256.98      8781.17     12394.03     20235.52     24542.70     27929.86     27946.45     24029.54     21190.29     13314.76      5206.79     33120.09         0.00      6528.61     23931.81     23793.23     23082.31     16483.30 
    17731.16     12980.19     17046.60     15634.95     11061.21      9375.41     13088.91     21356.55     19320.09     17987.47     12114.88      7506.63      6442.15     14152.32     19466.39     24220.15     25884.49     23881.12     22843.88     15713.43      7765.03     29655.01      6528.61         0.00     17543.02     25734.17     20853.12     13984.98 
    14574.28     14023.62     17549.37     20620.98     17717.40     13070.45      9619.93     19393.69     22344.51     24952.56     21394.02     18958.86     11721.80      4681.03      9989.15     17929.00     24201.07     27760.64     30872.42     27139.71     22854.15     22536.82     23931.81     17543.02         0.00     33679.52     20643.88     17322.08 
    20267.79     19667.29     16616.84     13069.76     16778.01     21535.81     24063.75     17233.08     11918.78      8824.44     13966.57     18439.09     25429.82     29092.56     26343.93     22282.55     15977.74      7912.02      2970.51     10482.90     18906.22     24210.28     23793.23     25734.17     33679.52         0.00     15166.62     16368.31 
     6072.87      8619.71      3969.12      6485.13     10030.07     12239.69     11903.13      2099.47      3843.63      8809.58     11300.61     14372.51     16822.87     16636.98     11733.68      7367.05      5031.41      7702.53     13093.32     14747.16     18269.46     10970.21     23082.31     20853.12     20643.88     15166.62         0.00      6876.72 
     5916.29      3299.83      3299.83      3299.83      3299.83      5916.29      7702.15      7642.29      5916.29      7642.29      5916.29      7702.15     10486.03     12724.50     11280.07     11730.84     11905.14     11291.33     13550.93     11178.11     11995.30     16697.76     16483.30     13984.98     17322.08     16368.31      6876.72         0.00 
DEMAND_SECTION
1 924
2 900
3 900
4 900
5 900
6 924
7 972
8 872
9 924
10 872
11 924
12 972
13 943
14 943
15 969
16 950
17 981
18 1000
19 981
20 969
21 950
22 978
23 957
24 948
25 945
26 978
27 660
28 0
DEPOT_SECTION
1
-1
EOF
