NAME: /home/jevata/NetBeansProjects/CCVRP/kelly09.ccvrp
TYPE: CVRP
COMMENT: ; big-m modified Wed Nov  7 11:13:47 2012
DIMENSION: 16
CAPACITY: 1000
EDGE_WEIGHT_TYPE: EXPLICIT
EDGE_WEIGHT_FORMAT: FULL_MATRIX
EDGE_WEIGHT_SECTION
        0.00     20478.80     20015.11     17769.73     17119.08     14744.03     15247.50     12471.01     12035.97     13410.26      8228.99      7155.88      7176.87      7277.17      6421.04     22119.13 
    20478.80         0.00      2009.82      3149.62      4799.95      7499.07      8972.89      8017.37     14063.00     14722.05     12252.05     16291.80     18832.59     21833.53     26892.57      1823.58 
    20015.11      2009.82         0.00      4079.93      3310.86      8302.54      7314.77      7629.61     14834.11     13084.16     11829.19     15247.65     19092.17     20729.34     26431.86      2444.95 
    17769.73      3149.62      4079.93         0.00      4698.47      4365.71      8523.03      5540.33     10940.06     13916.73      9620.50     14312.88     15718.39     19855.83     24145.36      4972.88 
    17119.08      4799.95      3310.86      4698.47         0.00      7657.51      4184.82      5194.12     13673.28      9922.17      9103.56     11989.11     17035.06     17440.94     23501.43      5748.71 
    14744.03      7499.07      8302.54      4365.71      7657.51         0.00     10217.82      4687.64      6575.11     14513.84      7284.97     12964.93     11615.64     18233.26     20917.09      9315.18 
    15247.50      8972.89      7314.77      8523.03      4184.82     10217.82         0.00      6034.44     15060.18      5770.78      8296.14      9001.57     16910.80     14101.12     21375.38      9739.80 
    12471.01      8017.37      7629.61      5540.33      5194.12      4687.64      6034.44         0.00      9066.71      9829.97      4242.53      8871.64     11845.23     14376.77     18890.14      9650.51 
    12035.97     14063.00     14834.11     10940.06     13673.28      6575.11     15060.18      9066.71         0.00     17678.75      8229.95     13736.95      6281.65     17801.09     17181.16     15871.17 
    13410.26     14722.05     13084.16     13916.73      9922.17     14513.84      5770.78      9829.97     17678.75         0.00      9540.92      6254.58     17470.96      9732.43     18642.75     15502.63 
     8228.99     12252.05     11829.19      9620.50      9103.56      7284.97      8296.14      4242.53      8229.95      9540.92         0.00      5914.24      8630.53     10966.66     14647.62     13892.62 
     7155.88     16291.80     15247.65     14312.88     11989.11     12964.93      9001.57      8871.64     13736.95      6254.58      5914.24         0.00     11902.08      5555.48     12658.94     17622.67 
     7176.87     18832.59     19092.17     15718.39     17035.06     11615.64     16910.80     11845.23      6281.65     17470.96      8630.53     11902.08         0.00     14177.53     11158.25     20645.45 
     7277.17     21833.53     20729.34     19855.83     17440.94     18233.26     14101.12     14376.77     17801.09      9732.43     10966.66      5555.48     14177.53         0.00      9895.32     23127.40 
     6421.04     26892.57     26431.86     24145.36     23501.43     20917.09     21375.38     18890.14     17181.16     18642.75     14647.62     12658.94     11158.25      9895.32         0.00     28539.45 
    22119.13      1823.58      2444.95      4972.88      5748.71      9315.18      9739.80      9650.51     15871.17     15502.63     13892.62     17622.67     20645.45     23127.40     28539.45         0.00 
DEMAND_SECTION
1 969
2 780
3 968
4 926
5 946
6 968
7 928
8 951
9 967
10 991
11 958
12 988
13 1000
14 973
15 116
16 0
DEPOT_SECTION
1
-1
EOF
