NAME: /home/jevata/NetBeansProjects/CCVRP/kelly02.ccvrp
TYPE: CVRP
COMMENT: ; big-m modified Wed Nov  7 11:13:47 2012
DIMENSION: 11
CAPACITY: 700
EDGE_WEIGHT_TYPE: EXPLICIT
EDGE_WEIGHT_FORMAT: FULL_MATRIX
EDGE_WEIGHT_SECTION
        0.00     88230.43    134527.47    162265.48    110508.68    190006.02    114714.75    281520.57    229355.87     47045.28    104440.51 
    88230.43         0.00     60840.62    112502.52    132051.10    107772.39    140821.19    197454.77    219068.50     66563.76     41623.27 
   134527.47     60840.62         0.00     59644.63    127125.11    114734.35    201623.32    148477.55    179186.68    125401.25     30417.69 
   162265.48    112502.52     59644.63         0.00    107118.77    170373.71    250134.69    154931.66    122200.37    168432.77     71282.21 
   110508.68    132051.10    127125.11    107118.77         0.00    233024.19    224243.63    260593.66    122233.39    145453.87    106663.84 
   190006.02    107772.39    114734.35    170373.71    233024.19         0.00    187480.45    152062.12    292420.63    152247.18    126758.00 
   114714.75    140821.19    201623.32    250134.69    224243.63    187480.45         0.00    324573.99    338957.87     83545.68    179491.01 
   281520.57    197454.77    148477.55    154931.66    260593.66    152062.12    324573.99         0.00    249779.65    263199.14    178823.75 
   229355.87    219068.50    179186.68    122200.37    122233.39    292420.63    338957.87    249779.65         0.00    256170.28    179333.10 
    47045.28     66563.76    125401.25    168432.77    145453.87    152247.18     83545.68    263199.14    256170.28         0.00     99545.56 
   104440.51     41623.27     30417.69     71282.21    106663.84    126758.00    179491.01    178823.75    179333.10     99545.56         0.00 
DEMAND_SECTION
1 690
2 690
3 700
4 690
5 690
6 690
7 700
8 690
9 690
10 170
11 0
DEPOT_SECTION
1
-1
EOF
