NAME: /home/jevata/NetBeansProjects/CCVRP/kelly15.ccvrp
TYPE: CVRP
COMMENT: ; big-m modified Wed Nov  7 11:13:48 2012
DIMENSION: 36
CAPACITY: 1000
EDGE_WEIGHT_TYPE: EXPLICIT
EDGE_WEIGHT_FORMAT: FULL_MATRIX
EDGE_WEIGHT_SECTION
        0.00      4666.67      6599.66      4666.67      3743.34      4367.30      4831.77      8600.01      8818.74     10932.23      8272.66      8300.97      7895.06      9427.15      8764.24     11326.62     13488.30     14305.59     16848.81     13929.65     12949.35     16975.93     16731.85     13677.00     14095.79     22866.73     18596.21     14505.44     22263.41     19171.55     22491.36     19808.24     21827.70     11654.56     26272.08      3299.83 
     4666.67         0.00      4666.67      6599.66      8272.66      8039.08      3743.34      4367.30      4831.77      8600.01      8818.74     11001.22     12519.53     13251.52      9793.47      8588.72      8928.84     10212.63     14069.17     13460.18     15260.45     13659.91     19782.33     17990.53     18249.46     19826.33     21957.75     15316.40     18767.97     14505.44     19080.42     19519.04     24389.31     16305.22     23851.39      3299.83 
     6599.66      4666.67         0.00      4666.67      8818.74     10932.23      8272.66      8039.08      3743.34      4367.30      4831.77      8456.83     12886.89     16022.88     14122.52     12988.87     11104.42      8492.14     10254.30      8811.52     11910.78     17544.00     16888.50     17019.40     20564.63     16267.16     25185.70     19792.24     22361.91     15316.40     15946.08     14862.37     20910.68     16643.07     19787.76      3299.83 
     4666.67      6599.66      4666.67         0.00      4831.77      8600.01      8818.74     10932.23      8272.66      8039.08      3743.34      4404.22      8465.54     13038.44     13429.28     14941.12     15017.26     13132.72     13823.58      9513.23      8756.19     20233.16     13184.68     12371.78     16986.83     19860.13     22315.81     19171.55     25366.87     19792.24     19901.67     15240.21     17856.83     12122.72     22647.05      3299.83 
     3743.34      8272.66      8818.74      4831.77         0.00      4972.41      8366.90     12338.10     11832.59     12731.43      8366.90      6309.36      4283.82      8435.41     10779.16     14845.96     17178.78     17169.34     18598.39     14078.55     10813.34     20568.63     13793.52      9953.58     12156.40     24649.35     17641.76     16164.51     25874.85     22723.43     24594.54     19474.64     19152.05      8103.06     27470.22      5916.29 
     4367.30      8039.08     10932.23      8600.01      4972.41         0.00      5880.94     10807.83     12731.43     15284.58     12338.10     11207.37      7156.74      5231.75      5932.93     11549.88     15878.05     18204.61     21186.00     18090.65     15773.34     17292.26     18636.94     13632.87     10225.44     27182.93     14256.27     11192.42     22563.26     21964.93     26725.18     23828.43     24065.03     10193.24     30639.38      7642.29 
     4831.77      3743.34      8272.66      8818.74      8366.90      5880.94         0.00      4972.41      8366.90     12338.10     11832.59     12936.67     12119.54     10682.99      6080.00      6503.41     10018.62     13461.22     17780.89     16928.26     17509.61     12202.03     21521.38     18281.91     15856.11     23464.25     18794.82     11576.42     17508.09     16164.51     22604.82     22986.05     26518.68     15635.81     27578.74      5916.29 
     8600.01      4367.30      8039.08     10932.23     12338.10     10807.83      4972.41         0.00      5880.94     10807.83     12731.43     15335.84     16459.75     15644.87     10071.29      5292.04      5074.73      9648.68     15191.47     16596.19     19484.31      9525.04     24113.36     22216.46     20823.89     20299.05     23456.72     14653.10     14492.71     11192.42     19071.37     22522.39     28607.15     20153.01     24919.34      7642.29 
     8818.74      4831.77      3743.34      8272.66     11832.59     12731.43      8366.90      5880.94         0.00      4972.41      8366.90     12200.14     16071.09     17963.15     14432.41     11172.64      7639.32      5496.12      9558.25     11031.75     15519.38     14870.53     20570.42     20636.71     22848.29     15104.46     26779.36     19725.01     19350.31     11576.42     14264.46     16799.47     24395.31     19884.37     19375.04      5916.29 
    10932.23      8600.01      4367.30      8039.08     12731.43     15284.58     12338.10     10807.83      4972.41         0.00      5880.94     10480.95     16498.98     20328.90     18332.74     16082.13     12172.15      6355.31      5934.46      6279.94     12481.40     19798.56     17688.19     19644.25     24739.99     11984.49     29528.44     23914.46     24117.33     14653.10     11871.61     11853.02     20727.05     20098.50     15428.47      7642.29 
     8272.66      8818.74      4831.77      3743.34      8366.90     12338.10     11832.59     12731.43      8366.90      5880.94         0.00      4614.51     11390.69     16724.37     16956.37     17405.06     15909.02     11991.21     11004.56      5774.00      7154.93     22255.60     12256.98     13810.11     20454.99     16886.80     25983.08     22723.43     27155.27     19725.01     17244.94     11537.99     16083.91     14716.29     19220.25      5916.29 
     8300.97     11001.22      8456.83      4404.22      6309.36     11207.37     12936.67     15335.84     12200.14     10480.95      4614.51         0.00      7763.61     14479.90     16774.74     19238.15     19310.78     16441.52     15502.18      9054.03      4662.49     24612.03      8781.17      9202.53     17337.93     21248.45     23416.83     22342.41     29764.76     23770.50     21757.67     13663.34     13582.86     10578.07     23085.59      7702.15 
     7895.06     12519.53     12886.89      8465.54      4283.82      7156.74     12119.54     16459.75     16071.09     16498.98     11390.69      7763.61         0.00      7736.30     12921.60     18405.60     21383.31     21335.79     22205.88     16682.92     11197.84     24179.20     12502.96      6480.09      9631.15     28196.74     15949.98     17532.87     29486.86     26998.40     28343.74     21401.24     18067.49      3821.81     30566.37     10164.30 
     9427.15     13251.52     16022.88     13038.44      8435.41      5231.75     10682.99     15644.87     17963.15     20328.90     16724.37     14479.90      7736.30         0.00      7633.48     15206.99     20639.57     23434.60     26258.58     22479.26     18587.82     20628.88     20235.52     13442.67      5187.19     32288.39      9283.20     10546.79     25673.74     26832.04     31905.33     27901.97     25800.23      8818.71     35550.48     12724.50 
     8764.24      9793.47     14122.52     13429.28     10779.16      5932.93      6080.00     10071.29     14432.41     18332.74     16956.37     16774.74     12921.60      7633.48         0.00      7942.04     14498.01     19371.04     23856.30     22448.44     21421.56     13068.76     24542.70     19381.10     12434.97     29536.23     13598.11      5769.37     18048.04     20708.53     28628.08     28434.80     29931.04     15468.65     33644.86     11280.07 
    11326.62      8588.72     12988.87     14941.12     14845.96     11549.88      6503.41      5292.04     11172.64     16082.13     17405.06     19238.15     18405.60     15206.99      7942.04         0.00      7508.90     14478.56     20394.19     21729.08     23696.32      5773.97     27929.86     24702.29     20244.25     25258.82     21347.89     10748.37     11082.02     13354.94     23845.19     27714.85     32791.65     21717.56     30037.94     11730.84 
    13488.30      8928.84     11104.42     15017.26     17178.78     15878.05     10018.62      5074.73      7639.32     12172.15     15909.02     19310.78     21383.31     20639.57     14498.01      7508.90         0.00      8120.17     14715.23     18442.04     23014.91      8316.11     27946.45     26903.09     25826.31     18669.18     28081.00     18205.02     12009.21      6241.66     16971.04     23895.37     31987.53     25124.77     23758.24     11905.14 
    14305.59     10212.63      8492.14     13132.72     17169.34     18204.61     13461.22      9648.68      5496.12      6355.31     11991.21     16441.52     21335.79     23434.60     19371.04     14478.56      8120.17         0.00      6674.94     12096.34     18824.07     16434.10     24029.54     25388.37     28343.32     10787.71     32143.46     24279.64     19830.10      8572.79      9426.26     16695.37     27014.77     25116.38     15713.63     11291.33 
    16848.81     14069.17     10254.30     13823.58     18598.39     21186.00     17780.89     15191.47      9558.25      5934.46     11004.56     15502.18     22205.88     26258.58     23856.30     20394.19     14715.23      6674.94         0.00      7914.38     16194.33     22988.68     21190.29     24661.60     30660.57      6057.56     35439.96     29262.62     26505.04     14672.18      6255.64     10762.97     22966.85     25679.43      9819.82     13550.93 
    13929.65     13460.18      8811.52      9513.23     14078.55     18090.65     16928.26     16596.19     11031.75      6279.94      5774.00      9054.03     16682.92     22479.26     22448.44     21729.08     18442.04     12096.34      7914.38         0.00      8469.85     25887.28     13314.76     17661.56     26040.86     12811.41     31719.18     28209.95     30347.12     20645.28     13831.27      6063.05     15208.05     19629.57     14057.03     11178.11 
    12949.35     15260.45     11910.78      8756.19     10813.34     15773.34     17509.61     19484.31     15519.38     12481.40      7154.93      4662.49     11197.84     18587.82     21421.56     23696.32     23014.91     18824.07     16194.33      8469.85         0.00     28918.98      5206.79      9790.06     20747.74     21274.63     27147.80     26948.70     33976.78     26829.45     22269.01     11049.77      9129.72     12962.75     22021.44     11995.30 
    16975.93     13659.91     17544.00     20233.16     20568.63     17292.26     12202.03      9525.04     14870.53     19798.56     22255.60     24612.03     24179.20     20628.88     13068.76      5773.97      8316.11     16434.10     22988.68     25887.28     28918.98         0.00     33374.88     30459.49     25501.36     26919.71     25705.86     14015.16      5312.68     11977.84     25120.45     31651.45     38048.48     27475.99     32055.45     16943.97 
    16731.85     19782.33     16888.50     13184.68     13793.52     18636.94     21521.38     24113.36     20570.42     17688.19     12256.98      8781.17     12502.96     20235.52     24542.70     27929.86     27946.45     24029.54     21190.29     13314.76      5206.79     33374.88         0.00      8185.73     21141.57     25952.42     27803.21     29713.49     38543.38     31979.09     27129.76     14368.37      5564.75     12720.43     26075.49     16483.30 
    13677.00     17990.53     17019.40     12371.78      9953.58     13632.87     18281.91     22216.46     20636.71     19644.25     13810.11      9202.53      6480.09     13442.67     19381.10     24702.29     26903.09     25388.37     24661.60     17661.56      9790.06     30459.49      8185.73         0.00     13272.95     30284.51     19947.42     23758.54     35771.91     32083.57     30913.82     20830.41     13383.99      4886.39     31616.00     15082.15 
    14095.79     18249.46     20564.63     16986.83     12156.40     10225.44     15856.11     20823.89     22848.29     24739.99     20454.99     17337.93      9631.15      5187.19     12434.97     20244.25     25826.31     28343.32     30660.57     26040.86     20747.74     25501.36     21141.57     13272.95         0.00     36717.91      6679.98     13830.69     30402.47     32014.22     36510.07     31000.74     26566.90      8448.00     39623.70     17317.87 
    22866.73     19826.33     16267.16     19860.13     24649.35     27182.93     23464.25     20299.05     15104.46     11984.49     16886.80     21248.45     28196.74     32288.39     29536.23     25258.82     18669.18     10787.71      6057.56     12811.41     21274.63     26919.71     25952.42     30284.51     36717.91         0.00     41438.48     34764.79     29637.48     16615.24      2378.29     13134.00     26774.65     31602.81      5314.22     19566.94 
    18596.21     21957.75     25185.70     22315.81     17641.76     14256.27     18794.82     23456.72     26779.36     29528.44     25983.08     23416.83     15949.98      9283.20     13598.11     21347.89     28081.00     32143.46     35439.96     31719.18     27147.80     25705.86     27803.21     19947.42      6679.98     41438.48         0.00     12026.73     29976.52     34303.02     40935.90     37012.06     33244.01     15126.98     44816.47     21890.19 
    14505.44     15316.40     19792.24     19171.55     16164.51     11192.42     11576.42     14653.10     19725.01     23914.46     22723.43     22342.41     17532.87     10546.79      5769.37     10748.37     18205.02     24279.64     29262.62     28209.95     26948.70     14015.16     29713.49     23758.54     13830.69     34764.79     12026.73         0.00     17985.68     24090.72     33677.61     34203.17     35198.52     19322.04     39081.18     17034.71 
    22263.41     18767.97     22361.91     25366.87     25874.85     22563.26     17508.09     14492.71     19350.31     24117.33     27155.27     29764.76     29486.86     25673.74     18048.04     11082.02     12009.21     19830.10     26505.04     30347.12     33976.78      5312.68     38543.38     35771.91     30402.47     29637.48     29976.52     17985.68         0.00     13327.77     27600.92     35897.21     43099.61     32754.97     34917.98     22067.36 
    19171.55     14505.44     15316.40     19792.24     22723.43     21964.93     16164.51     11192.42     11576.42     14653.10     19725.01     23770.50     26998.40     26832.04     20708.53     13354.94      6241.66      8572.79     14672.18     20645.28     26829.45     11977.84     31979.09     32083.57     32014.22     16615.24     34303.02     24090.72     13327.77         0.00     14447.70     25175.07     35366.27     30800.18     21929.39     17034.71 
    22491.36     19080.42     15946.08     19901.67     24594.54     26725.18     22604.82     19071.37     14264.46     11871.61     17244.94     21757.67     28343.74     31905.33     28628.08     23845.19     16971.04      9426.26      6255.64     13831.27     22269.01     25120.45     27129.76     30913.82     36510.07      2378.29     40935.90     33677.61     27600.92     14447.70         0.00     14978.00     28343.87     31876.15      7562.19     19214.07 
    19808.24     19519.04     14862.37     15240.21     19474.64     23828.43     22986.05     22522.39     16799.47     11853.02     11537.99     13663.34     21401.24     27901.97     28434.80     27714.85     23895.37     16695.37     10762.97      6063.05     11049.77     31651.45     14368.37     20830.41     31000.74     13134.00     37012.06     34203.17     35897.21     25175.07     14978.00         0.00     13905.89     23793.57     11925.15     17197.08 
    21827.70     24389.31     20910.68     17856.83     19152.05     24065.03     26518.68     28607.15     24395.31     20727.05     16083.91     13582.86     18067.49     25800.23     29931.04     32791.65     31987.53     27014.77     22966.85     15208.05      9129.72     38048.48      5564.75     13383.99     26566.90     26774.65     33244.01     35198.52     43099.61     35366.27     28343.87     13905.89         0.00     18119.47     25771.68     21117.85 
    11654.56     16305.22     16643.07     12122.72      8103.06     10193.24     15635.81     20153.01     19884.37     20098.50     14716.29     10578.07      3821.81      8818.71     15468.65     21717.56     25124.77     25116.38     25679.43     19629.57     12962.75     27475.99     12720.43      4886.39      8448.00     31602.81     15126.98     19322.04     32754.97     30800.18     31876.15     23793.57     18119.47         0.00     33661.15     13982.89 
    26272.08     23851.39     19787.76     22647.05     27470.22     30639.38     27578.74     24919.34     19375.04     15428.47     19220.25     23085.59     30566.37     35550.48     33644.86     30037.94     23758.24     15713.63      9819.82     14057.03     22021.44     32055.45     26075.49     31616.00     39623.70      5314.22     44816.47     39081.18     34917.98     21929.39      7562.19     11925.15     25771.68     33661.15         0.00     23021.73 
     3299.83      3299.83      3299.83      3299.83      5916.29      7642.29      5916.29      7642.29      5916.29      7642.29      5916.29      7702.15     10164.30     12724.50     11280.07     11730.84     11905.14     11291.33     13550.93     11178.11     11995.30     16943.97     16483.30     15082.15     17317.87     19566.94     21890.19     17034.71     22067.36     17034.71     19214.07     17197.08     21117.85     13982.89     23021.73         0.00 
DEMAND_SECTION
1 900
2 900
3 900
4 900
5 924
6 872
7 924
8 872
9 924
10 872
11 924
12 972
13 974
14 943
15 969
16 950
17 981
18 1000
19 981
20 969
21 950
22 970
23 957
24 977
25 965
26 974
27 975
28 954
29 998
30 954
31 965
32 988
33 964
34 955
35 47
36 0
DEPOT_SECTION
1
-1
EOF
